19062756
19145264
19074443
19095628
19055799
19057671
19077014
19058995
19055807
19058024
19057301
19065340
19059689
19078955
19078432
19059829
19120789
19078254
19055623
19059699
19056419
19282046
19282575
19288447
19292971
19385442
19302530
19286662
19284426
19305987
19302220
19368185
19385537
19313966
19546184
19545439
19555326
19556860
19545438
19548579
19548565
19548588
19549887
19548600
19549598
19572313
19545913
19637127
19553422
19544968
19544907
19544929
19544943
19545108
19799940
19800573
19818006
19799461
19798671
19799732
19798841
19829364
19799723
19829365
19799936
19910558
19815557
19798821
19800202
19805699
19811955
19812255
19801936
19801115
20095878
20085254
20084344
20089507
20085609
20088473
20086644
20090864
20088480
20083823
20089506
20195178
20195151
20195146
20087024
20326999
20325987
20327709
20330557
20326466
20326048
20330889
20326938
20334763
20326004
20328434
20328002
20326558
20326025
20325961
20329020
20584784
20673778
20584457
20590173
20590168
20584662
20586006
20870646
20873569
20929238
20941726
20868347
20867834
20870117
20870122
20871890
20868571
20868207
20880581
20887705
20867737
20868166
20867355
21127309
21130075
21131203
21137266
21133620
21130544
21156750
21134060
21129997
21129947
21133997
21175374
21129016
21129012
21153571
21127945
21127939
21127955
21135730
21127713
21448765
21421013
21426286
21425343
21424386
21430730
21420757
21420136
21420199
21421990
21424469
21420067
21429298
21517952
21423438
21483671
21693698
21693684
21688132
21713120
21685416
21684795
21685513
22055884
21981649
21936917
21936462
21936534
21941507
21942912
21939473
21991394
21939991
22048457
22323575
22232622
22225608
22225424
22228323
22227496
22227534
